in6:	0 4 2 1 3 5
in10:	9 4 1 7 0 8 5 3 2 6
in20:	15 9 17 6 4 18 7 2 10 1 12 5 3 11 0 16 19 14 8 13
in20_2:	4 6 5 8 14 15 1 3 12 2 0 17 13 16 11 18 9 19 10 7
in50:	3 41 35 32 0 47 36 27 42 23 48 37 9 13 26 40 45 21 10 30 14 29 6 8 22 24 5 28 31 19 33 39 16 49 18 34 1 25 44 17 2 15 20 11 43 38 46 7 4 12
in50_2:	45 30 24 43 49 4 1 3 37 44 16 28 31 11 27 2 48 25 8 22 46 38 19 12 39 5 33 35 20 40 32 34 7 23 9 26 42 21 36 18 15 17 10 6 47 41 29 0 14 13
in50_3:	43 42 17 29 7 23 28 38 33 35 21 31 20 1 6 8 13 46 12 39 11 25 32 40 16 19 45 3 47 44 18 41 0 27 49 36 9 24 22 26 37 15 4 5 30 2 10 34 48 14
in100:	11 46 49 70 59 17 95 53 92 38 48 90 12 33 25 20 78 51 69 77 94 50 37 27 39 10 84 32 1 13 6 30 16 41 57 93 3 76 71 28 82 35 80 40 47 88 21 68 96 43 45 85 15 23 22 81 42 58 87 83 8 36 73 61 66 65 75 79 63 44 5 31 98 62 99 55 89 24 56 97 64 29 60 7 2 9 34 86 19 74 26 54 0 91 52 72 18 4 14 67
in100_2:17 66 91 47 12 22 15 96 14 48 37 68 4 83 85 20 93 69 46 34 61 70 8 71 53 1 16 45 18 92 73 55 80 33 54 49 3 74 94 25 64 35 65 30 57 78 87 39 13 90 50 40 88 23 11 81 27 77 29 84 41 59 0 63 89 99 32 7 38 5 82 72 21 76 24 62 26 43 86 51 56 31 79 2 75 9 60 97 58 42 28 95 98 10 19 6 36 52 44 67
in100_3:19 55 69 40 34 13 12 83 10 96 32 63 22 73 97 50 93 20 24 58 47 85 81 42 15 0 53 76 48 30 4 6 60 44 59 29 66 84 89 41 1 56 7 90 65 45 2 57 99 95 38 79 28 25 91 61 18 33 86 88 78 67 98 87 5 64 54 43 17 35 77 37 80 3 74 70 26 16 71 27 94 9 51 23 72 92 46 82 14 8 62 68 39 36 21 31 49 11 52 75
in100_4:44 92 83 15 97 51 70 48 43 30 39 38 19 57 2 72 0 3 27 81 11 64 76 78 59 52 71 69 34 24 91 26 74 47 85 93 28 82 18 86 6 17 60 79 13 56 1 41 75 54 31 77 23 87 29 37 89 50 90 67 84 62 32 22 49 88 9 95 46 63 68 8 40 45 36 12 61 35 80 96 4 16 98 42 25 94 20 55 5 66 99 7 53 33 21 73 65 10 14 58
in200:	11 103 150 70 48 95 53 33 102 171 92 112 139 12 165 116 144 20 180 69 114 51 94 37 158 97 29 119 104 197 132 13 76 34 52 72 93 106 56 18 156 184 164 40 176 138 35 58 22 187 60 199 183 66 15 74 133 190 8 44 83 31 151 137 73 173 67 145 146 181 160 100 17 101 170 142 54 162 47 141 161 91 78 188 77 155 128 88 43 16 81 39 154 178 185 32 186 167 121 108 45 6 123 59 110 80 38 157 57 21 23 68 159 87 61 75 177 79 172 143 191 42 96 25 166 182 3 63 85 36 196 120 113 148 129 10 174 131 84 122 163 65 1 189 30 152 90 41 71 135 50 109 28 5 127 27 82 153 140 98 62 169 194 99 124 55 89 24 192 130 118 168 198 111 64 149 49 7 2 9 125 195 147 86 179 19 26 46 0 117 126 136 107 134 193 175 115 4 105 14
in200_2:65 118 70 140 187 28 40 100 175 195 66 7 159 129 2 84 172 154 189 22 149 176 80 136 73 145 3 166 115 68 158 135 114 107 148 156 33 50 125 170 193 139 34 117 190 121 83 196 75 191 174 138 109 128 162 112 43 48 130 57 87 153 37 103 144 108 111 110 58 46 167 180 64 32 5 61 192 88 99 181 120 53 124 94 92 13 69 116 143 9 11 173 19 76 6 39 177 4 98 164 1 183 45 182 104 137 119 169 74 63 157 123 197 150 25 89 178 27 147 30 8 155 141 47 35 184 29 102 161 127 17 133 72 113 77 105 78 101 97 10 49 81 122 132 52 51 152 90 93 67 60 24 165 82 12 188 199 179 131 42 59 55 171 96 18 16 95 14 54 168 15 0 71 126 194 20 44 185 56 151 91 160 198 163 142 186 31 38 41 146 62 85 26 36 106 86 23 79 21 134
in500:	458 305 407 361 23 284 435 261 421 466 344 434 237 391 140 403 233 31 480 259 243 180 147 41 491 86 56 367 89 189 462 28 99 299 67 183 43 217 250 27 495 157 371 188 105 408 475 231 424 135 317 478 223 273 49 128 8 360 206 150 96 200 146 132 195 352 363 40 327 209 392 465 198 280 218 169 247 214 154 453 297 251 0 164 124 239 191 109 339 100 469 70 324 432 380 79 201 313 241 13 295 129 320 485 496 362 366 246 167 451 343 159 88 136 199 193 401 452 12 464 379 119 234 441 385 53 342 387 97 315 301 59 306 268 265 115 55 347 73 413 455 345 471 113 78 82 219 14 311 98 57 228 422 417 185 18 48 91 359 77 316 446 11 222 314 447 216 395 255 84 443 71 173 484 133 444 370 312 378 15 52 196 229 177 197 382 372 202 248 110 102 483 486 34 68 436 411 439 160 482 117 47 493 489 412 224 393 419 162 355 51 318 225 139 331 66 310 274 467 1 260 308 95 353 338 240 351 397 74 319 373 123 192 394 346 35 402 93 283 152 492 213 30 111 267 45 389 118 227 92 270 294 333 151 166 291 404 131 141 425 272 176 205 357 16 325 181 9 376 398 204 307 348 230 210 179 58 69 488 473 170 409 144 303 499 377 7 42 296 125 410 212 134 215 383 252 87 406 494 116 138 175 429 386 190 182 187 54 76 350 61 127 33 490 142 10 194 208 254 256 390 354 433 463 281 298 90 63 457 459 6 323 476 2 171 442 65 19 155 21 440 448 220 122 263 276 137 253 474 106 414 330 289 487 329 356 368 335 322 365 477 374 285 5 3 481 309 62 328 479 238 431 20 4 85 384 437 107 420 358 38 341 278 428 282 174 337 400 108 418 430 340 29 381 321 235 293 211 149 454 203 426 120 470 22 153 262 334 184 290 326 445 161 80 423 81 279 36 121 427 226 156 37 126 163 112 277 165 242 178 416 388 64 266 44 172 288 460 300 497 264 302 83 269 32 275 143 349 186 249 168 449 396 75 405 257 207 130 72 236 94 438 304 145 46 50 17 221 415 450 232 258 158 375 286 114 468 104 245 287 148 332 364 103 399 60 369 456 292 101 271 472 244 461 26 336 39 498 24 25